0, -0.2901624058588568, 2.8260869565217392, 0.2757713884992987, 'embedding'
0, -0.3026478484962005, 2.8534361851332397, 0.27542075736325383, 'audiolen'
0, -0.042454425329504275, 2.283485273492286, 0.3061009817671809, 'everything'
0, -0.04589592554364397, 2.291023842917251, 0.3076788218793829, 'wordcount'
10, 0.05198674333758313, 2.0766129032258065, 0.35080645161290325, 'embedding'
10, 0.06543260463933798, 2.0471598877980366, 0.35168302945301544, 'audiolen'
10, 0.1591534593081172, 1.8418653576437587, 0.36570827489481067, 'everything'
10, 0.1587532848646126, 1.842741935483871, 0.3629032258064516, 'wordcount'
11, -0.004437853196566532, 2.2002103786816267, 0.33625525946704066, 'embedding'
11, 0.0062868218893569194, 2.17671809256662, 0.34133941093969145, 'audiolen'
11, 0.11497420074520848, 1.938639551192146, 0.35133239831697055, 'everything'
11, 0.11649486363052597, 1.9353085553997196, 0.35150771388499297, 'wordcount'
1, -0.2601493225960112, 2.760343618513324, 0.2791023842917251, 'embedding'
1, -0.2523859383920217, 2.7433380084151473, 0.2820827489481066, 'audiolen'
1, -0.04573585576624217, 2.2906732117812063, 0.30890603085553997, 'everything'
1, -0.042454425329504275, 2.283485273492286, 0.3108345021037868, 'wordcount'
2, -0.22309316912748445, 2.679172510518934, 0.29312762973352036, 'embedding'
2, -0.22461383201280194, 2.6825035063113605, 0.2947054698457223, 'audiolen'
2, -0.037412227341346416, 2.2724403927068724, 0.3173211781206171, 'everything'
2, -0.03557142490122511, 2.2684081346423564, 0.31837307152875177, 'wordcount'
3, -0.211328040488449, 2.6534011220196354, 0.2929523141654979, 'embedding'
3, -0.19796221407539516, 2.624123422159888, 0.29751051893408137, 'audiolen'
3, -0.005238202083575727, 2.2019635343618513, 0.3173211781206171, 'everything'
3, -0.0072390743010988245, 2.206346423562412, 0.31995091164095374, 'wordcount'
4, -0.16634843303853097, 2.554873772791024, 0.311711079943899, 'embedding'
4, -0.1622666537147841, 2.5459326788218792, 0.3094319775596073, 'audiolen'
4, 0.030617428054437124, 2.1234221598877983, 0.3273141654978962, 'everything'
4, 0.03141777694144632, 2.1216690042075736, 0.3281907433380084, 'wordcount'
5, -0.08407256745398373, 2.374649368863955, 0.32556100981767183, 'embedding'
5, -0.08087117190594673, 2.3676367461430576, 0.3288920056100982, 'audiolen'
5, 0.059830162430273504, 2.0594319775596075, 0.34694950911640954, 'everything'
5, 0.06151089509299279, 2.055750350631136, 0.34712482468443195, 'wordcount'
6, -0.021805424044666566, 2.2382538569424963, 0.3390603085553997, 'embedding'
6, -0.011480923402247711, 2.2156381486676016, 0.34011220196353437, 'audiolen'
6, 0.09584586234568826, 1.9805399719495091, 0.3494039270687237, 'everything'
6, 0.09728649034230485, 1.9773842917251052, 0.3490532959326788, 'wordcount'
7, 0.09280453657505316, 1.9872019635343618, 0.364656381486676, 'embedding'
7, 0.10224865344176193, 1.9665147265077139, 0.36640953716690045, 'audiolen'
7, 0.19765024077326054, 1.757538569424965, 0.37166900420757365, 'everything'
7, 0.19372853122691536, 1.7661290322580645, 0.37201963534361854, 'wordcount'
8, 0.16603645973639647, 1.826788218793829, 0.37166900420757365, 'embedding'
8, 0.16635659929120017, 1.826086956521739, 0.375, 'audiolen'
8, 0.2305445800293393, 1.685483870967742, 0.3823632538569425, 'everything'
8, 0.2315850335824513, 1.6832047685834501, 0.38341514726507714, 'wordcount'
9, 0.1603539826386311, 1.8392356241234222, 0.3732468443197756, 'embedding'
9, 0.16859757617482596, 1.8211781206171107, 0.37727910238429174, 'audiolen'
9, 0.2606376981808859, 1.6195652173913044, 0.3888499298737728, 'everything'
9, 0.2613580121791942, 1.6179873772791025, 0.38902524544179523, 'wordcount'

0,-0.04621606509844778,2.291725105189341,0.3138148667601683, 'WC-base'
0,-0.4823261736297697, 3.2470196353436185,0.27489481065918653,'AL-base'
1,-0.04621606509844778,2.291725105189341,0.3138148667601683, 'WC-base'
1,-0.4823261736297697, 3.2470196353436185,0.27489481065918653,'AL-base'
2,-0.04621606509844778,2.291725105189341,0.3138148667601683, 'WC-base'
2,-0.4823261736297697, 3.2470196353436185,0.27489481065918653,'AL-base'
3,-0.04621606509844778,2.291725105189341,0.3138148667601683, 'WC-base'
3,-0.4823261736297697, 3.2470196353436185,0.27489481065918653,'AL-base'
4,-0.04621606509844778,2.291725105189341,0.3138148667601683, 'WC-base'
4,-0.4823261736297697, 3.2470196353436185,0.27489481065918653,'AL-base'
5,-0.04621606509844778,2.291725105189341,0.3138148667601683, 'WC-base'
5,-0.4823261736297697, 3.2470196353436185,0.27489481065918653,'AL-base'
6,-0.04621606509844778,2.291725105189341,0.3138148667601683, 'WC-base'
6,-0.4823261736297697, 3.2470196353436185,0.27489481065918653,'AL-base'
7,-0.04621606509844778,2.291725105189341,0.3138148667601683, 'WC-base'
7,-0.4823261736297697, 3.2470196353436185,0.27489481065918653,'AL-base'
8,-0.04621606509844778,2.291725105189341,0.3138148667601683, 'WC-base'
8,-0.4823261736297697, 3.2470196353436185,0.27489481065918653,'AL-base'
9,-0.04621606509844778,2.291725105189341,0.3138148667601683, 'WC-base'
9,-0.4823261736297697, 3.2470196353436185,0.27489481065918653,'AL-base'
10,-0.04621606509844778,2.291725105189341,0.3138148667601683, 'WC-base'
10,-0.4823261736297697, 3.2470196353436185,0.27489481065918653,'AL-base'
11,-0.04621606509844778,2.291725105189341,0.3138148667601683, 'WC-base'
11,-0.4823261736297697, 3.2470196353436185,0.27489481065918653,'AL-base'

